H:255,255,255,1.2
C:144,144,144,1.7
HE:217,255,255,1.5
LI:204,128,255,1.82
BE:194,255,0,1.5
B:255,181,181,1.5
N:48,80,248,1.55
O:255,13,13,1.52
F:144,224,80,1.47
NE:179,227,245,1.5
NA:171,92,242,2.27
MG:138,255,0,1.5
AL:191,166,166,1.5
SI:240,200,160,1.5
P:255,128,0,1.80
S:255,255,48,1.80
CL:31,240,31,1.75
AR:128,209,227,1.5
K:143,64,212,2.75
CA:61,255,0,1.5
SC:230,230,230,1.5
TI:191,194,199,1.5
V:166,166,171,1.5
CR:138,153,199,1.5
MN:156,122,199,1.5
FE:224,102,51,1.5
CO:240,144,160,1.5
NI:80,208,80,1.63
CU:200,128,51,1.4
ZN:125,128,176,1.39
GA:194,143,143,1.5
GE:102,143,143,1.5
AS:189,128,227,1.5
SE:255,161,0,1.90
BR:166,41,41,1.85
KR:92,184,209,1.5
RB:112,46,176,1.5
SR:0,255,0,1.5
Y:148,255,255,1.5
ZR:148,224,224,1.5
NB:115,194,201,1.5
MO:84,181,181,1.5
TC:59,158,158,1.5
RU:36,143,143,1.5
RH:10,125,140,1.5
PD:0,105,133,1.5
AG:192,192,192,1.5
CD:255,217,143,1.5
IN:166,117,115,1.5
SN:102,128,128,1.5
SB:158,99,181,1.5
TE:212,122,0,1.5
I:148,0,148,1.5
XE:66,158,176,1.5
CS:87,23,143,1.5
BA:0,201,0,1.5
LA:112,212,255,1.5
CE:255,255,199,1.5
PR:217,255,199,1.5
ND:199,255,199,1.5
PM:163,255,199,1.5
SM:143,255,199,1.5
EU:97,255,199,1.5
GD:69,255,199,1.5
TB:48,255,199,1.5
DY:31,255,199,1.5
HO:0,255,156,1.5
ER:0,230,117,1.5
TM:0,212,82,1.5
YB:0,191,56,1.5
LU:0,171,36,1.5
HF:77,194,255,1.5
TA:77,166,255,1.5
W:33,148,214,1.5
RE:38,125,171,1.5
OS:38,102,150,1.5
IR:23,84,135,1.5
PT:208,208,224,1.5
AU:255,209,35,1.5
HG:184,184,208,1.5
TL:166,84,77,1.5
PB:87,89,97,1.5
BI:158,79,181,1.5
PO:171,92,0,1.5
AT:117,79,69,1.5
RN:66,130,150,1.5
FR:66,0,102,1.5
RA:0,125,0,1.5
AC:112,171,250,1.5
TH:0,186,255,1.5
PA:0,161,255,1.5
U:0,143,255,1.5
NP:0,128,255,1.5
PU:0,107,255,1.5
AM:84,92,242,1.5
CM:120,92,227,1.5
BK:138,79,227,1.5
CF:161,54,212,1.5
ES:179,31,212,1.5
FM:179,31,186,1.5
MD:179,13,166,1.5
NO:189,13,135,1.5
LR:199,0,102,1.5
RF:204,0,89,1.5
DB:209,0,79,1.5
SG:217,0,69,1.5
BH:224,0,56,1.5
HS:230,0,46,1.5
MT:235,0,38,1.5
DS:235,0,38,1.5
RG:235,0,38,1.5
CN:235,0,38,1.5
UUT:235,0,38,1.5
UUQ:235,0,38,1.5
UUP:235,0,38,1.5
UUH:235,0,38,1.5
UUS:235,0,38,1.5
UUO:235,0,38,1.5